+33 1 70 9.813 65
3 659 980 835
3 659 980 835
062 551 14 49
7 962 026 944
06-14952497
7 937 035 616
850-724-7264
(11) 2062-9639
(31) 8660-7435
7 719 202 072
3 776 677 737
7 024 126 106
(17) 4016-8217
3 205 306 213
865-357-9826
05704 32 96 46
(11) 6902-9018
(02) 9196 8802
06336 88 71 70
06-86030929
7 005 215 193
06-26669511
(07) 3531 7357
062 284 77 89
920-914-9430
(11) 5255-9000
403-348-1713
3 575 851 861
3 210 646 690
3 637 695 610
7 825 360 868
7 065 364 978
(02) 6126 2130
3 994 009 840
831-572-8881
7 720 169 107
02.02.97.66.61
7 826 834 921
906-629-5502
(87) 7854-5048
06-30402070
7 072 854 613
514-973-9754
860-787-4245
02.09.26.50.10
780-407-7352
847-925-9236
01.63.82.57.09
3 613 179 314
316-831-9714
506-721-4292
(07) 3073 1788
07464 55 21 43
925-867-1435
(87) 5424-3524
250-386-0301
044 809 47 22
06-56808528
01.78.71.79.28
(61) 6281-4111
035752 26 68
(32) 9438-6959
07431 14 70 76
(91) 4348-6465
02.32.46.88.75
08861 59 11 64
030 92 12 01
3 819 989 323
04.15.36.91.05
(11) 9378-5023
931-536-0825
06-79165687
418-573-4672
7 966 827 551
905-454-2566
(22) 2484-2689
613-580-1469
(11) 2885-7920
3 462 098 933
(03) 5378 9010
041 770 50 79
091 449 81 34
(21) 6276-8830
7 761 925 961
091 974 28 31
7 752 065 657
08368 14 77 36
062 977 45 71
02.64.65.69.57
04.00.71.83.41
02.79.63.58.44
032 382 27 54
01.22.48.34.55
02.56.11.00.52
06-65583820
071 97 12 52
(07) 4542 5210
041 297 18 45
052 292 47 20
705-845-2793
610-205-8364
091 964 77 99
06-20689731
418-383-7331
7 873 978 845
3 820 964 865
(08) 8274 7380
(99) 3714-5834
081 214 16 39
06-44561589
3 724 149 794
416-903-8517
3 836 407 405
3 154 933 058
(07) 3291 1432
518-237-7001
7 728 054 984
514-710-9292
7 726 589 843
(03) 5372 7887
3 567 157 282
418-951-5717
(02) 6760 3632
(07) 3108 8087
(03) 5307 9093
3 215 257 033
276-773-2399
044 288 53 46
(15) 2005-8024
7 763 909 112
709-234-8465
(11) 3759-6676
03.80.41.94.19
732-657-9331
416-247-1904
3 162 829 355
08382 39 82 60
3 284 674 663
702-286-0314
(02) 6128 9420
06-45509502
7 068 261 973
(19) 5292-8505
03.00.97.23.96
044 202 19 36
3 474 604 827
(19) 7007-9451
(08) 9081 9096
01.78.06.93.35
062 893 35 72
024 348 78 39
021 390 70 77
913-255-2776
01.24.70.48.22
3 128 489 842
705-729-7371
205-550-7553
06-52409610
08072 17 51 10
041 308 28 67
(02) 6168 7922
7 002 859 498
7 819 146 608
(92) 6008-3994
02.80.56.14.35
091 478 37 37
250-816-6614
04258 78 15 63
7 718 308 543
(02) 4090 1624
(02) 6133 5152
05.24.97.75.86
06-19169487
(03) 5363 7237
(03) 5314 5051
(65) 6542-7396
949-610-5743
7 023 828 876
04.28.77.02.13
313-598-5830
905-609-8024
06-63105115
7 738 416 214
044 235 28 98
06-34861239
02.17.18.29.99
(08) 8222 4770
7 780 805 247
7 756 328 551
613-635-2569
05.80.42.05.56
032 703 91 28
315-292-2418
04965 51 60 02
604-854-2620
(08) 9007 9306
(03) 6228 1354
3 484 146 069
01.25.93.70.79
02953 12 65 45
514-771-7718
(16) 4274-7924
06-63171502
646-684-7872
06-85480716
03741 12 84 71
(02) 4010 0182
641-684-4636
(12) 6945-4220
(71) 6698-6637
081 807 13 34
(02) 6768 6442
(07) 3762 4464
06-94466751
519-726-8692
7 035 709 748
418-868-6457
021 524 82 11
02.90.89.41.30
032 460 44 43
06-28070145
250-837-0684
701-295-5158
7 770 713 523
071 252 47 10
323-446-6468
06-24296171
(11) 2517-6696
(02) 4028 0125
971-210-8167
(07) 4082 7474
01.42.01.81.59
7 008 525 021
(08) 8345 3931
(21) 3176-9853
(02) 8177 9438
709-341-0134
3 704 612 003
(22) 9980-6062
(11) 7195-6743
(48) 2727-5659
(07) 5339 7132
3 903 239 717
970-256-8792
418-636-1650
(02) 6141 6939
(61) 5151-2926
604-726-3952
7 702 378 459
06-83567587
7 921 447 417
3 707 753 880
02.17.46.96.95
(03) 5389 7489
06-83614725
7 048 500 004
7 787 471 136
06-96973557
(02) 9114 1648
905-208-2220
(02) 6645 2013
(47) 5184-5826
(08) 8969 2721
7 979 653 380
7 743 550 886
08581 21 12 19
7 978 851 706
06-32361433
(48) 5851-4018
04551 13 51 68
052 914 74 77
334-304-0840
052 272 49 39
06-96866226
062 251 25 72
(81) 4580-9498
250-816-9928
026 298 61 29
03475 56 94 87
660-388-1580
250-371-6441
05.80.32.99.57
05725 71 24 15
905-278-5528
05.45.13.83.27
(34) 5660-3886
09532 41 46 88
06-72455970
450-468-5534
062 673 74 74
3 325 194 388
03335 26 43 51
032 338 83 26
7 712 013 297
05.73.33.58.48
(03) 9604 5758
806-351-8497
7 013 638 605
(08) 8245 0305
519-347-2217
06-97246937
01.54.36.33.05
3 814 063 928
06-32634166
7 082 486 044
(32) 5188-5234
049 866 39 61
08131 72 75 10
044 708 58 93
(02) 4024 7046
06-98095138
7 069 965 644
037465 68 40
04.07.44.14.83
08191 52 52 98
3 652 410 457
06-32465759
(62) 5139-3367
867-966-4854
7 909 156 636
01.19.01.40.43
026 657 18 17
212-775-3626
06-87730498
06-53226872
06-82813484
7 000 159 641
038231 62 77
05065 84 28 00
071 476 49 14
3 411 708 760
419-772-4057
416-604-7143
0351 96 96 55
3 329 991 226
418-254-1526
819-349-7990
027 592 88 59
06-62488188
3 690 177 324
06-27474404
02.41.83.29.21
3 255 855 428
(02) 6108 1416
7 770 450 367
3 696 941 330
7 864 126 515
06-30068930
954-980-3926
(02) 8170 5794
04.83.76.54.42
(08) 9085 5816
05221 81 85 37
7 037 045 213
07642 89 12 56
7 709 659 580
062 481 54 12
7 775 626 964
06-70174022
021 834 38 29
7 827 947 141
07973 48 12 93
3 644 780 429
062 834 50 99
519-254-8995
(03) 5353 9461
7 874 204 652
06-39993604
780-374-6616
3 723 189 492
562-684-4778
(33) 2763-5670
081 268 92 46
250-846-1084
631-868-9466
03973 75 95 41
(21) 8418-9335
613-560-9222
3 571 750 530
925-955-6055
7 800 820 929
(02) 4276 4812
905-814-8116
03683 83 54 36
(03) 5382 9533
7 967 532 928
(67) 3308-7331
7 852 934 382
(31) 9450-4045
0841 98 50 70
905-531-2380
01.72.72.35.73
604-703-6068
(08) 9001 6092
(17) 4663-7831
032 496 21 90
7 901 682 266
06-53650371
06-96455430
